1 20 0
1 23 0
1 24 0
1 25 0
1 25 1
1 26 0
1 26 0
1 28 0
1 28 0
1 29 0
2 30 0
2 30 0
2 30 0
2 30 0
2 30 0
2 30 1
2 32 0
2 32 0
2 33 0
2 33 0
2 34 0
2 34 0
2 34 1
2 34 0
2 34 0
3 35 0
3 35 0
3 36 0
3 36 1
3 36 0
3 37 0
3 37 1
3 37 0
3 38 0
3 38 0 
3 39 0
3 39 1
4 40 0
4 40 1
4 41 0
4 41 0
4 42 0
4 42 0
4 42 0
4 42 1
4 43 0
4 43 0
4 43 1
4 44 0 
4 44 0
4 44 1
4 44 1
5 45 0
5 45 1
5 46 0
5 46 1
5 47 0
5 47 0
5 47 1
5 48 0
5 58 1
5 48 1
5 49 0
5 49 0
5 49 1
6 50 0
6 50 1
6 51 0
6 52 0
6 52 1
6 53 1
6 53 1
6 54 1
7 55 0
7 55 1
7 55 1
7 56 1
7 56 1
7 56 1
7 57 0
7 57 0
7 57 1
7 57 1
7 57 1
7 57 1
7 58 0
7 58 1
7 58 1
7 59 1
7 59 1
8 60 0
8 60 1
8 61 1
8 62 1
8 62 1
8 63 1
8 64 0
8 64 1
8 65 1
8 69 1











